,x,y
0,5.08855189953465,58.385982034946146
1,5.08855189953465,96.22349421372712
2,5.123260446125641,78.17549399079338
3,5.123260446125641,75.52677044599878
4,5.123260446125641,83.11733154135759
5,5.253846012987192,90.46745642247558
6,5.253846012987192,62.21117581989101
7,5.253846012987192,118.63689899109721
8,5.253846012987192,90.6913547168041
9,5.253846012987192,87.78560951468971
10,5.332448147819375,83.88842263361745
11,5.332448147819375,68.27119099812114
12,5.332448147819375,71.43550360688872
13,5.332448147819375,94.70918495450557
14,5.4001392016653,94.8982654785213
15,5.547611011133995,88.44781903888166
16,5.547611011133995,82.65679429671894
17,5.547611011133995,121.9514469992673
18,5.547611011133995,48.29011779106365
19,5.656090918762077,119.54839397145906
20,5.656090918762077,60.26039153766894
21,5.656090918762077,72.91857187651041
22,5.656090918762077,63.84047449399625
23,5.656090918762077,47.45588040971871
24,5.656090918762077,82.48678340052284
25,5.656090918762077,88.4540502703899
26,5.734993067104369,67.79942544090207
27,5.734993067104369,95.68705561687729
28,5.734993067104369,40.40271890919983
29,5.734993067104369,97.0726423124275
30,5.734993067104369,109.84482763157183
31,5.80378429149278,49.213402845386526
32,5.977879348793065,79.98458470585453
33,5.977879348793065,29.69367150271184
34,6.063303860719315,102.63636822092792
35,6.063303860719315,71.30341177650855
36,6.13801965053426,47.426936574688135
37,6.13801965053426,68.4876649894101
38,6.13801965053426,95.1902800562393
39,6.13801965053426,64.24508016936059
40,6.21158498572186,87.9653909432774
41,6.21158498572186,94.05319657969255
42,6.347205724450763,121.6613784977215
43,6.347205724450763,85.98816796672558
44,6.347205724450763,82.51908532348236
45,6.347205724450763,88.89983230804717
46,6.44875377882272,54.2805856414406
47,6.531086870236323,108.1642529354623
48,6.531086870236323,111.46500161956754
49,6.531086870236323,88.16623735889169
50,6.6506961914378095,59.43998349969106
51,6.6506961914378095,123.6174035273523
52,6.6506961914378095,104.12300726058614
53,6.6506961914378095,65.20911832451236
54,6.6506961914378095,80.85012378513558
55,6.6506961914378095,96.74699115687677
56,6.6506961914378095,60.812006373629366
57,6.887951749959029,89.46273897724137
58,6.887951749959029,103.70995346484446
59,6.947175236186013,97.50585865060768
60,6.947175236186013,81.27073362240827
61,6.947175236186013,85.22833621327268
62,6.947175236186013,75.20768110113174
63,6.947175236186013,81.17967454068472
64,7.01678854296915,77.77963295496825
65,7.162669225363059,71.39244059785051
66,7.162669225363059,78.74073325157828
67,7.162669225363059,69.31814056043599
68,7.162669225363059,95.84846634412149
69,7.240826929337345,54.72437242321776
70,7.240826929337345,98.45539148445035
71,7.240826929337345,82.07769936879573
72,7.240826929337345,97.4540045431071
73,7.34229071415029,119.96284770516132
74,7.433301552664489,73.89815714322269
75,7.433301552664489,115.25035063203563
76,7.433301552664489,59.02262690549046
77,7.548082006396726,84.62331515065317
78,7.548082006396726,79.97852607523882
79,7.548082006396726,98.20625596121467
80,7.548082006396726,87.71987080013292
81,7.548082006396726,83.59411812960447
82,7.6386135476641375,66.04469852892657
83,7.6386135476641375,112.72582696729945
84,7.6386135476641375,75.72485966626763
85,7.6386135476641375,102.25344734412407
86,7.6386135476641375,120.43263156332208
87,7.73675395641476,116.59473227845382
88,7.836631211452189,75.9988138650774
89,7.836631211452189,55.44031748404799
90,7.836631211452189,91.45104845325436
91,7.836631211452189,92.50732198791536
92,7.836631211452189,70.17538790972057
93,7.9372902389150095,75.77436717299604
94,7.9372902389150095,124.46014617527364
95,8.048604190815237,77.78594300746745
96,8.048604190815237,73.51890072058967
97,8.048604190815237,80.86816129443544
98,8.048604190815237,73.0780701148144
99,8.048604190815237,69.34635369173796
100,8.19123892462812,112.5449768808254
101,8.251685501309113,62.01027398277089
102,8.251685501309113,63.89664468204544
103,8.251685501309113,87.58901600012246
104,8.345604179776275,95.44838536961275
105,8.345604179776275,87.58290015852567
106,8.345604179776275,95.62217037442042
107,8.345604179776275,63.89440434848
108,8.46528118534479,97.85462800033152
109,8.46528118534479,75.66780029383835
110,8.58560082619078,116.8014830488824
111,8.60996395582333,67.06779823526834
112,8.70001137373038,98.62278980313903
113,8.88585371547379,78.4106812575491
114,8.948791051516311,106.90443932485609
115,8.948791051516311,122.44009573364897
116,8.948791051516311,124.64549946789042
117,9.074129885993896,68.03461958541632
118,9.074129885993896,123.47073481848092
119,9.074129885993896,83.64723667517715
120,9.1899591893889,56.0498059927652
121,9.224944511661304,115.1558678499491
122,9.224944511661304,114.04562332437952
123,9.224944511661304,77.25281626620045
124,9.32313415163662,92.03940492719681
125,9.32313415163662,97.39303385451831
126,9.444942116038876,133.32207695500853
127,9.444942116038876,131.07807125353222
128,9.444942116038876,49.759214407149045
129,9.444942116038876,119.40282878612001
130,9.444942116038876,70.40156832280891
131,9.57753873430192,34.803422493096505
132,9.629103516344909,92.02963811497715
133,9.629103516344909,111.3235551175906
134,9.74916801904328,119.98573564968125
135,9.74916801904328,125.52622911517983
136,9.74916801904328,111.94649643918834
137,9.89029595977627,43.22413122435356
138,9.943255180551205,101.1310978010531
139,9.943255180551205,94.36504221300801
140,9.943255180551205,54.832161601615454
141,9.943255180551205,98.27114835375717
142,10.0347138254438,89.40866473122139
143,10.1135186420288,104.17514004592607
144,10.33463704329918,113.16581051822956
145,10.33463704329918,108.36296122683748
146,10.33463704329918,90.71021233580868
147,10.33463704329918,89.71541312692597
148,10.33463704329918,146.3344993151914
149,10.456140571041033,129.0493253903749
150,10.456140571041033,61.04517714799934
151,10.456140571041033,119.75492293675494
152,10.5664654332213,127.83866808241575
153,10.6174574885517,123.59782161471533
154,10.7181842718273,68.21676080111286
155,10.850735233564489,128.5690596879012
156,10.850735233564489,149.70319627641624
157,10.850735233564489,134.63177612135948
158,10.850735233564489,76.62767194064463
159,10.850735233564489,95.62416093951427
160,10.850735233564489,105.70379183867959
161,10.850735233564489,115.02975487343353
162,10.928553156554733,79.01644643120031
163,10.928553156554733,129.11792426025013
164,10.928553156554733,90.51955551048675
165,11.059260342735799,68.30981628331162
166,11.059260342735799,67.77725651750124
167,11.059260342735799,91.71818104471002
168,11.1188090860378,116.24211295406343
169,11.261935599031851,118.83002332900539
170,11.261935599031851,118.4417025331155
171,11.261935599031851,126.44749308603214
172,11.261935599031851,90.89244055496644
173,11.356442828546252,86.29288503506328
174,11.356442828546252,122.45633722562528
175,11.356442828546252,113.99972331459956
176,11.356442828546252,55.75839064597241
177,11.468667888548202,150.3236597085294
178,11.468667888548202,89.89010807071901
179,11.468667888548202,120.37518613105776
180,11.5868516865885,64.62213432785698
181,11.5868516865885,93.55592257748819
182,11.6635378357023,136.1525581654199
183,11.6635378357023,119.39200898157435
184,11.6635378357023,64.67437828144634
185,11.782310632988802,144.33607594624934
186,11.782310632988802,114.39965966785843
187,11.782310632988802,106.94447881688086
188,11.840810849930042,102.34376525456344
189,11.840810849930042,113.1097260204864
190,11.840810849930042,127.12370740574023
191,11.840810849930042,80.50383431304324
192,11.840810849930042,126.9537056343881
193,11.840810849930042,129.61976007338896
194,11.840810849930042,136.21651675037924
195,11.946053098654398,112.01379516043824
196,11.946053098654398,85.54778053447777
197,11.946053098654398,123.14995379594654
198,12.022258294746266,135.4203974064244
199,12.022258294746266,84.9240198901007
200,12.022258294746266,98.64430455477684
201,12.1260502364021,78.07620273386858
202,12.252476485737127,116.15505711645847
203,12.252476485737127,89.84173517263636
204,12.252476485737127,95.87243600188215
205,12.252476485737127,119.28707854288176
206,12.360837211599566,94.74271582782039
207,12.360837211599566,114.23928705026795
208,12.360837211599566,110.71866202392006
209,12.473842857580149,115.16554710233672
210,12.473842857580149,104.43836638207723
211,12.473842857580149,66.45785059425799
212,12.473842857580149,104.79586284850552
213,12.558352964697418,97.59953586496337
214,12.558352964697418,110.63032695094925
215,12.558352964697418,118.33017972994992
216,12.558352964697418,57.36695008880963
217,12.558352964697418,87.97699107313917
218,12.558352964697418,91.66922654055831
219,12.647106009535465,127.11383394533547
220,12.647106009535465,157.8986820985953
221,12.647106009535465,119.67265943182471
222,12.7627441327786,153.55677533155577
223,12.7627441327786,138.13215001861838
224,12.7627441327786,105.77352089075063
225,12.7627441327786,100.75323656031591
226,12.877948788809576,124.93156317607082
227,12.877948788809576,97.53898105443028
228,12.877948788809576,92.54745591243405
229,12.877948788809576,127.26248334378981
230,12.946984692243866,149.6689283925911
231,12.946984692243866,120.62685000438265
232,12.946984692243866,99.39877731971754
233,13.048663371300774,100.08912835422998
234,13.048663371300774,175.80151086735594
235,13.048663371300774,114.06949124993936
236,13.048663371300774,130.15650389657114
237,13.168487236835068,91.37531649130806
238,13.168487236835068,137.4946917924748
239,13.168487236835068,109.3884415907398
240,13.253228339599467,96.70780422921922
241,13.253228339599467,116.97372201028598
242,13.253228339599467,133.444047512661
243,13.3610084594693,76.53082383801942
244,13.3610084594693,133.96475183339845
245,13.439799784682698,122.63518961402777
246,13.439799784682698,138.63116405113345
247,13.439799784682698,135.92772497386056
248,13.439799784682698,107.80648309289879
249,13.549023435043626,131.47738216557246
250,13.549023435043626,115.90634269191806
251,13.549023435043626,108.81925783862724
252,13.549023435043626,156.45712386594482
253,13.626209433714376,145.01855252594922
254,13.626209433714376,116.14532834273997
255,13.626209433714376,112.07105568637135
256,13.626209433714376,135.84223760555247
257,13.740768207935632,108.93509603112715
258,13.740768207935632,91.86016103950652
259,13.740768207935632,128.37230631095005
260,13.964471819810537,90.40126619843086
261,13.964471819810537,131.99224286923055
262,13.964471819810537,109.91113192394218
263,13.964471819810537,124.59778590045644
264,13.964471819810537,125.82035528531453
265,14.0497140365187,107.54938656282323
266,14.0497140365187,139.3012217951325
267,14.0497140365187,105.17265324978757
268,14.0497140365187,110.09198310156485
269,14.133482991601351,147.7986335181812
270,14.133482991601351,105.3865334009781
271,14.262892038095734,101.26333458923004
272,14.262892038095734,128.21008228861035
273,14.262892038095734,81.08719428698676
274,14.3796865211334,123.52934832417372
275,14.456760286120701,81.3007601608229
276,14.456760286120701,135.73723705962044
277,14.456760286120701,125.38320968767242
278,14.456760286120701,115.78815062273219
279,14.456760286120701,131.01654407023568
280,14.456760286120701,121.30913052896364
281,14.456760286120701,151.6585929053598
282,14.456760286120701,123.06308884358491
283,14.456760286120701,158.77049902317984
284,14.574935128912335,118.74662317090224
285,14.574935128912335,95.35074224630732
286,14.574935128912335,101.62248551594222
287,14.6208685694728,120.78801382104035
288,14.749385093704673,109.67675236997314
289,14.749385093704673,117.68377484837006
290,14.749385093704673,130.78275644610972
291,14.749385093704673,93.7630706826889
292,14.749385093704673,99.41391504849507
293,14.749385093704673,126.66178108585797
294,14.749385093704673,153.62747415929817
295,14.845034643658451,77.03358684959726
296,14.845034643658451,116.95582172238588
297,14.9110457597999,130.25466028253229
298,14.9110457597999,123.57934107770969
299,15.0480550306384,113.75854023744466
300,15.135010678786799,81.62699005440545
301,15.135010678786799,140.156402521939
302,15.237663043662899,144.4782382704178
303,15.237663043662899,119.5432903669252
304,15.32904323097316,125.4722195034819
305,15.32904323097316,110.9438106492487
306,15.32904323097316,125.91627264730009
307,15.32904323097316,177.0277473604436
308,15.32904323097316,108.84119233692296
309,15.467233074596166,99.64202425514131
310,15.467233074596166,132.75090114109256
311,15.467233074596166,134.5351773818434
312,15.516699841246,104.94890126092825
313,15.7572949677706,139.1416257585193
314,15.871020058236484,126.39772398801652
315,15.871020058236484,122.57905858453145
316,15.871020058236484,121.99425038643257
317,15.871020058236484,121.64066277172265
318,15.871020058236484,99.68696672787641
319,15.871020058236484,138.0320650908236
320,15.871020058236484,104.3324312212788
321,15.9714528347831,159.13329042641342
322,16.04564205161297,133.27908699771817
323,16.04564205161297,136.90152986768936
324,16.04564205161297,159.438721055213
325,16.1394563813228,123.75755008082122
326,16.1394563813228,115.60675109358186
327,16.1394563813228,138.7160924703839
328,16.1394563813228,142.27414819481132
329,16.1394563813228,117.0862309941464
330,16.2909503222909,121.81474539850458
331,16.465525495004847,167.60723497888307
332,16.465525495004847,139.81305712028606
333,16.56418640033476,121.34966071211316
334,16.56418640033476,138.41175864749155
335,16.56418640033476,132.02815602008138
336,16.56418640033476,127.717355798463
337,16.56418640033476,128.13112986651498
338,16.56418640033476,143.90532129455727
339,16.56418640033476,114.17929929930413
340,16.6742834355682,150.02004704455487
341,16.6742834355682,124.10147554065387
342,16.6742834355682,158.47694591968525
343,16.756417751894336,137.14885167749046
344,16.756417751894336,117.30876206342381
345,16.756417751894336,149.23735097542922
346,16.756417751894336,101.8745397704082
347,16.756417751894336,191.74212652363678
348,16.756417751894336,126.09732075884922
349,16.844631801068324,102.51611294993305
350,16.844631801068324,139.69214702884045
351,16.844631801068324,75.52294453820767
352,16.844631801068324,123.64932101121873
353,16.9567729253322,129.16886271889894
354,16.9567729253322,160.1776511886658
355,16.9567729253322,113.49264902898385
356,17.08276865421795,98.97081249916147
357,17.08276865421795,124.01617038846355
358,17.147451747441668,122.47726747907343
359,17.147451747441668,98.90639878098041
360,17.147451747441668,125.75907960982461
361,17.2840443106834,137.30094302070037
362,17.2840443106834,165.1489740205119
363,17.2840443106834,141.35895634177567
364,17.2840443106834,133.13536694100776
365,17.2840443106834,164.67687055526653
366,17.343214851571222,142.48241126370738
367,17.343214851571222,163.326702368388
368,17.343214851571222,123.18189038669686
369,17.343214851571222,132.4284817544171
370,17.343214851571222,83.21177329618894
371,17.4976697808597,130.5906720301496
372,17.63651267858222,139.75162830892134
373,17.63651267858222,191.04267958139909
374,17.63651267858222,160.2801859020377
375,17.63651267858222,139.97327268010113
376,17.63651267858222,145.41790000453233
377,17.736255445634,116.91227290006073
378,17.736255445634,139.97896880386426
379,17.736255445634,129.925838223514
380,17.736255445634,142.30506798176708
381,17.830406958004478,92.64083148001957
382,17.830406958004478,204.12628752772966
383,17.830406958004478,100.18755660649063
384,17.830406958004478,111.52085497994187
385,17.830406958004478,103.67005889622736
386,17.959073628298935,134.5255934274427
387,17.959073628298935,183.61928830024368
388,17.959073628298935,123.2884564268708
389,18.059290311066448,128.7331514854043
390,18.059290311066448,156.3301387405278
391,18.1230124202557,120.90899016348726
392,18.1230124202557,114.68893697164907
393,18.25386175274615,155.04523380327407
394,18.25386175274615,170.10992499293965
395,18.25386175274615,114.9455587461677
396,18.25386175274615,149.0001705865153
397,18.331994446343753,136.60558785310846
398,18.331994446343753,150.89771202706874
399,18.331994446343753,103.73666498286308
400,18.331994446343753,132.91601425870226
401,18.4019106894266,134.3727198041148
402,18.566368754836752,179.73311193553135
403,18.566368754836752,111.6045790009601
404,18.673988141235903,115.59449548561275
405,18.673988141235903,113.06079350508028
406,18.765804299619,138.39508055830393
407,18.8238969934173,163.16555889872805
408,18.8238969934173,154.654045701063
409,18.979738574125776,178.8837787689922
410,18.979738574125776,91.49419564212398
411,18.979738574125776,155.76788398144063
412,18.979738574125776,133.92115933220546
413,19.035689073498347,157.9582842971209
414,19.035689073498347,158.28394127751628
415,19.035689073498347,129.11871139442417
416,19.035689073498347,134.24732426838645
417,19.149178387015148,187.93580926312558
418,19.149178387015148,150.44969081726552
419,19.23112391494215,148.28122455798285
420,19.23112391494215,148.06187002940712
421,19.23112391494215,136.07761951387664
422,19.23112391494215,131.5325810301811
423,19.332995110191398,168.4668627883886
424,19.332995110191398,139.2477918170442
425,19.332995110191398,153.71893836919986
426,19.332995110191398,148.17290870944066
427,19.332995110191398,155.24959673888287
428,19.44319924572483,177.11595940915575
429,19.44319924572483,167.93754584417644
430,19.44319924572483,144.8037275114763
431,19.546354979975163,124.17342850958238
432,19.546354979975163,119.93051086602698
433,19.546354979975163,132.02638677302258
434,19.649272895650938,116.54222457242533
435,19.649272895650938,158.04733764199366
436,19.649272895650938,189.500414757999
437,19.649272895650938,112.908448278394
438,19.649272895650938,144.31626146399105
439,19.732253124238934,137.93770128406888
440,19.732253124238934,157.71452330308617
441,19.732253124238934,153.97836776728582
442,19.83568143390585,167.6969008793652
443,19.83568143390585,194.22622246521343
444,19.975679747294667,185.81109199413154
445,19.975679747294667,157.0612151707582
446,19.975679747294667,153.12290022359122
