,x,y
0,5.08855189953465,0.0171273988232563
1,5.08855189953465,0.0103924723184428
2,5.123260446125641,0.0127917324080839
3,5.123260446125641,0.0132403384137151
4,5.123260446125641,0.0120311850904696
5,5.253846012987192,0.0110536986397637
6,5.253846012987192,0.0160742822623241
7,5.253846012987192,0.008429080737141
8,5.253846012987192,0.0110264093322085
9,5.253846012987192,0.0113913886971721
10,5.332448147819375,0.0119205960561149
11,5.332448147819375,0.0146474667481269
12,5.332448147819375,0.0139986414249002
13,5.332448147819375,0.0105586380083448
14,5.4001392016653,0.0105376003971994
15,5.547611011133995,0.0113061012794493
16,5.547611011133995,0.0120982190091988
17,5.547611011133995,0.0081999847037978
18,5.547611011133995,0.0207081706515335
19,5.656090918762077,0.008364813334412
20,5.656090918762077,0.016594648233822
21,5.656090918762077,0.0137139273886703
22,5.656090918762077,0.0156640439772114
23,5.656090918762077,0.0210722041476488
24,5.656090918762077,0.0121231542651433
25,5.656090918762077,0.0113053048101603
26,5.734993067104369,0.0147493875279468
27,5.734993067104369,0.0104507343606006
28,5.734993067104369,0.0247508095246604
29,5.734993067104369,0.0103015636144065
30,5.734993067104369,0.009103751369651
31,5.80378429149278,0.0203196678584022
32,5.977879348793065,0.0125024091039233
33,5.977879348793065,0.0336772096340014
34,6.063303860719315,0.009743135082951
35,6.063303860719315,0.0140245743518469
36,6.13801965053426,0.0210850641475693
37,6.13801965053426,0.0146011694245179
38,6.13801965053426,0.0105052742717974
39,6.13801965053426,0.0155653942272908
40,6.21158498572186,0.0113681072666957
41,6.21158498572186,0.0106322808406909
42,6.347205724450763,0.0082195353393824
43,6.347205724450763,0.011629506985042
44,6.347205724450763,0.0121184086818208
45,6.347205724450763,0.0112486151440072
46,6.44875377882272,0.0184227931254402
47,6.531086870236323,0.009245198601766
48,6.531086870236323,0.0089714258778107
49,6.531086870236323,0.0113422102377963
50,6.6506961914378095,0.0168236924225458
51,6.6506961914378095,0.0080894758461638
52,6.6506961914378095,0.0096040253380055
53,6.6506961914378095,0.0153352786495826
54,6.6506961914378095,0.0123685648603033
55,6.6506961914378095,0.0103362387609397
56,6.6506961914378095,0.0164441211469984
57,6.887951749959029,0.0111778379628461
58,6.887951749959029,0.0096422760457508
59,6.947175236186013,0.0102557939988334
60,6.947175236186013,0.0123045523945446
61,6.947175236186013,0.011733186923861
62,6.947175236186013,0.0132965142038524
63,6.947175236186013,0.012318354386834
64,7.01678854296915,0.0128568361923097
65,7.162669225363059,0.0140070852267531
66,7.162669225363059,0.012699907134532
67,7.162669225363059,0.0144262380946029
68,7.162669225363059,0.0104331351156912
69,7.240826929337345,0.0182733936584302
70,7.240826929337345,0.0101568840966717
71,7.240826929337345,0.0121835773625519
72,7.240826929337345,0.0102612509838697
73,7.34229071415029,0.0083359141528363
74,7.433301552664489,0.0135321371825537
75,7.433301552664489,0.0086767631900118
76,7.433301552664489,0.0169426549177698
77,7.548082006396726,0.0118170742687133
78,7.548082006396726,0.0125033562016292
79,7.548082006396726,0.0101826506897375
80,7.548082006396726,0.0113999255913004
81,7.548082006396726,0.0119625641417689
82,7.6386135476641375,0.0151412607260523
83,7.6386135476641375,0.0088710815161293
84,7.6386135476641375,0.0132057029145669
85,7.6386135476641375,0.0097796213817085
86,7.6386135476641375,0.0083033974016769
87,7.73675395641476,0.0085767168075122
88,7.836631211452189,0.0131581000958163
89,7.836631211452189,0.0180374147440215
90,7.836631211452189,0.0109348117590052
91,7.836631211452189,0.0108099551312342
92,7.836631211452189,0.0142500102925898
93,7.9372902389150095,0.0131970749121132
94,7.9372902389150095,0.0080347005104086
95,8.048604190815237,0.0128557932363692
96,8.048604190815237,0.0136019444006722
97,8.048604190815237,0.0123658060724179
98,8.048604190815237,0.0136839957381042
99,8.048604190815237,0.0144203688696489
100,8.19123892462812,0.008885336580227
101,8.251685501309113,0.0161263599686375
102,8.251685501309113,0.0156502740476605
103,8.251685501309113,0.0114169566649613
104,8.345604179776275,0.0104768665926366
105,8.345604179776275,0.0114177539016177
106,8.345604179776275,0.0104578257958837
107,8.345604179776275,0.0156508227942153
108,8.46528118534479,0.0102192407291826
109,8.46528118534479,0.0132156610356946
110,8.58560082619078,0.0085615351269255
111,8.60996395582333,0.0149102852085897
112,8.70001137373038,0.0101396442140412
113,8.88585371547379,0.0127533645156759
114,8.948791051516311,0.0093541484929475
115,8.948791051516311,0.0081672592136432
116,8.948791051516311,0.0080227525604132
117,9.074129885993896,0.0146983992281241
118,9.074129885993896,0.0080990851918889
119,9.074129885993896,0.0119549675488175
120,9.1899591893889,0.0178412749569388
121,9.224944511661304,0.0086838822777405
122,9.224944511661304,0.0087684206622792
123,9.224944511661304,0.0129445119069079
124,9.32313415163662,0.0108649116190071
125,9.32313415163662,0.0102676748061238
126,9.444942116038876,0.0075006332247394
127,9.444942116038876,0.0076290411541515
128,9.444942116038876,0.020096780303194
129,9.444942116038876,0.0083750109621879
130,9.444942116038876,0.0142042290224949
131,9.57753873430192,0.0287328063841525
132,9.629103516344909,0.0108660646774537
133,9.629103516344909,0.0089828248742479
134,9.74916801904328,0.0083343240309804
135,9.74916801904328,0.0079664625237999
136,9.74916801904328,0.0089328387382201
137,9.89029595977627,0.0231352249698098
138,9.943255180551205,0.0098881552929171
139,9.943255180551205,0.0105971446263196
140,9.943255180551205,0.0182374717828111
141,9.943255180551205,0.010175926675856
142,10.0347138254438,0.0111845983049426
143,10.1135186420288,0.0095992191568847
144,10.33463704329918,0.0088365911525806
145,10.33463704329918,0.0092282454141013
146,10.33463704329918,0.0110241170674147
147,10.33463704329918,0.0111463567423497
148,10.33463704329918,0.0068336585335635
149,10.456140571041033,0.0077489750293153
150,10.456140571041033,0.0163813104772483
151,10.456140571041033,0.0083503874035151
152,10.5664654332213,0.0078223593455723
153,10.6174574885517,0.0080907574820958
154,10.7181842718273,0.0146591539711995
155,10.850735233564489,0.0077779210832488
156,10.850735233564489,0.0066798840964863
157,10.850735233564489,0.0074276669951868
158,10.850735233564489,0.0130501159003577
159,10.850735233564489,0.0104576081000338
160,10.850735233564489,0.0094603985590806
161,10.850735233564489,0.0086934028599843
162,10.928553156554733,0.0126555931728808
163,10.928553156554733,0.0077448580879011
164,10.928553156554733,0.0110473366153919
165,11.059260342735799,0.0146391844453592
166,11.059260342735799,0.0147542118312473
167,11.059260342735799,0.0109029637156948
168,11.1188090860378,0.0086027341949228
169,11.261935599031851,0.0084153816685813
170,11.261935599031851,0.0084429721847371
171,11.261935599031851,0.0079084209231386
172,11.261935599031851,0.0110020150619155
173,11.356442828546252,0.0115884409194764
174,11.356442828546252,0.0081661759828526
175,11.356442828546252,0.0087719511146562
176,11.356442828546252,0.0179345204984361
177,11.468667888548202,0.0066523127626014
178,11.468667888548202,0.0111246946016938
179,11.468667888548202,0.008307359948015
180,11.5868516865885,0.0154745740047296
181,11.5868516865885,0.010688794171975
182,11.6635378357023,0.0073447022477906
183,11.6635378357023,0.0083757699408034
184,11.6635378357023,0.0154620736460466
185,11.782310632988802,0.0069282748158707
186,11.782310632988802,0.0087412847459804
187,11.782310632988802,0.0093506463453086
188,11.840810849930042,0.0097709909100243
189,11.840810849930042,0.008840972701312
190,11.840810849930042,0.0078663533372914
191,11.840810849930042,0.0124217685844807
192,11.840810849930042,0.0078768870510947
193,11.840810849930042,0.0077148730983132
194,11.840810849930042,0.0073412536442444
195,11.946053098654398,0.008927471822267
196,11.946053098654398,0.0116893739820284
197,11.946053098654398,0.0081201816905019
198,12.022258294746266,0.0073844119434888
199,12.022258294746266,0.0117752315692791
200,12.022258294746266,0.0101374327135603
201,12.1260502364021,0.0128079999408861
202,12.252476485737127,0.0086091817681032
203,12.252476485737127,0.0111306843982748
204,12.252476485737127,0.0104305266633714
205,12.252476485737127,0.0083831376559408
206,12.360837211599566,0.0105549011474121
207,12.360837211599566,0.0087535560298094
208,12.360837211599566,0.0090319010519108
209,12.473842857580149,0.0086831524284897
210,12.473842857580149,0.009575025296179
211,12.473842857580149,0.0150471312427068
212,12.473842857580149,0.0095423614331571
213,12.558352964697418,0.0102459503637761
214,12.558352964697418,0.0090391127601329
215,12.558352964697418,0.0084509294440537
216,12.558352964697418,0.0174316396191867
217,12.558352964697418,0.0113666083347708
218,12.558352964697418,0.0109087862714491
219,12.647106009535465,0.0078669643496871
220,12.647106009535465,0.0063331750886659
221,12.647106009535465,0.0083561274960191
222,12.7627441327786,0.0065122492826567
223,12.7627441327786,0.0072394442558464
224,12.7627441327786,0.0094541619828734
225,12.7627441327786,0.0099252394676309
226,12.877948788809576,0.0080043823560477
227,12.877948788809576,0.0102523113240435
228,12.877948788809576,0.0108052673100617
229,12.877948788809576,0.0078577753138651
230,12.946984692243866,0.006681413508734
231,12.946984692243866,0.0082900282977104
232,12.946984692243866,0.0100604859231164
233,13.048663371300774,0.0099910951013666
234,13.048663371300774,0.0056882332527535
235,13.048663371300774,0.0087665859560019
236,13.048663371300774,0.0076830582419043
237,13.168487236835068,0.0109438745429147
238,13.168487236835068,0.0072730080482622
239,13.168487236835068,0.0091417336736668
240,13.253228339599467,0.0103404271037917
241,13.253228339599467,0.0085489286210117
242,13.253228339599467,0.0074937774943099
243,13.3610084594693,0.0130666305398272
244,13.3610084594693,0.0074646501136629
245,13.439799784682698,0.0081542663500364
246,13.439799784682698,0.0072133852935921
247,13.439799784682698,0.0073568508572648
248,13.439799784682698,0.0092758799963661
249,13.549023435043626,0.0076058709378673
250,13.549023435043626,0.008627655543045
251,13.549023435043626,0.0091895499001008
252,13.549023435043626,0.0063915274376181
253,13.626209433714376,0.0068956694338889
254,13.626209433714376,0.0086099029058581
255,13.626209433714376,0.0089229105041937
256,13.626209433714376,0.0073614806236019
257,13.740768207935632,0.0091797780185943
258,13.740768207935632,0.0108861119846059
259,13.740768207935632,0.0077898421297951
260,13.964471819810537,0.0110617919643404
261,13.964471819810537,0.0075762027999686
262,13.964471819810537,0.0090982594983372
263,13.964471819810537,0.0080258247991575
264,13.964471819810537,0.0079478395823344
265,14.0497140365187,0.0092980539634772
266,14.0497140365187,0.0071786879333383
267,14.0497140365187,0.0095081750730865
268,14.0497140365187,0.0090833135331703
269,14.133482991601351,0.0067659624192465
270,14.133482991601351,0.0094888783958304
271,14.262892038095734,0.0098752426439091
272,14.262892038095734,0.0077996986052074
273,14.262892038095734,0.0123324035168952
274,14.3796865211334,0.008095242252681
275,14.456760286120701,0.0123000079952743
276,14.456760286120701,0.0073671751515081
277,14.456760286120701,0.0079755495372226
278,14.456760286120701,0.0086364623203825
279,14.456760286120701,0.0076326238575177
280,14.456760286120701,0.0082434025834621
281,14.456760286120701,0.0065937576028022
282,14.456760286120701,0.0081259133782268
283,14.456760286120701,0.0062983993005779
284,14.574935128912335,0.0084212921032776
285,14.574935128912335,0.0104875953394975
286,14.574935128912335,0.0098403418783053
287,14.6208685694728,0.0082789671621027
288,14.749385093704673,0.009117702506605
289,14.749385093704673,0.0084973480948283
290,14.749385093704673,0.0076462679574433
291,14.749385093704673,0.0106651797207472
292,14.749385093704673,0.0100589540157652
293,14.749385093704673,0.0078950413568095
294,14.749385093704673,0.0065092523682521
295,14.845034643658451,0.0129813506146667
296,14.845034643658451,0.0085502370491113
297,14.9110457597999,0.0076772684971956
298,14.9110457597999,0.0080919674055486
299,15.0480550306384,0.0087905488055027
300,15.135010678786799,0.0122508498639174
301,15.135010678786799,0.0071348863270336
302,15.237663043662899,0.0069214575978447
303,15.237663043662899,0.0083651704493879
304,15.32904323097316,0.0079698916936131
305,15.32904323097316,0.0090135717724851
306,15.32904323097316,0.0079417852750539
307,15.32904323097316,0.0056488319764015
308,15.32904323097316,0.009187697952669
309,15.467233074596166,0.0100359261815017
310,15.467233074596166,0.0075329055502016
311,15.467233074596166,0.0074330001971288
312,15.516699841246,0.0095284465867228
313,15.7572949677706,0.0071869219189339
314,15.871020058236484,0.0079115348635139
315,15.871020058236484,0.0081580003268698
316,15.871020058236484,0.0081971076246001
317,15.871020058236484,0.0082209351479501
318,15.871020058236484,0.0100314016247458
319,15.871020058236484,0.007244693465551
320,15.871020058236484,0.0095847474106982
321,15.9714528347831,0.0062840402364609
322,16.04564205161297,0.0075030525983204
323,16.04564205161297,0.0073045202706388
324,16.04564205161297,0.0062720021421503
325,16.1394563813228,0.0080803150946907
326,16.1394563813228,0.0086500138663227
327,16.1394563813228,0.0072089689248816
328,16.1394563813228,0.0070286837959538
329,16.1394563813228,0.0085407138952999
330,16.2909503222909,0.00820918680024
331,16.465525495004847,0.0059663295568714
332,16.465525495004847,0.0071524077979331
333,16.56418640033476,0.0082406493279975
334,16.56418640033476,0.0072248196957515
335,16.56418640033476,0.0075741419871675
336,16.56418640033476,0.0078297894107516
337,16.56418640033476,0.007804504658952
338,16.56418640033476,0.006949013358256
339,16.56418640033476,0.0087581549907628
340,16.6742834355682,0.0066657758059695
341,16.6742834355682,0.0080579219194893
342,16.6742834355682,0.0063100660742591
343,16.756417751894336,0.0072913479607655
344,16.756417751894336,0.0085245124269519
345,16.756417751894336,0.0067007353954215
346,16.756417751894336,0.0098159952648981
347,16.756417751894336,0.005215338006991
348,16.756417751894336,0.0079303826122715
349,16.844631801068324,0.0097545641482562
350,16.844631801068324,0.0071585985416456
351,16.844631801068324,0.0132410091544311
352,16.844631801068324,0.0080873877173112
353,16.9567729253322,0.0077418038600853
354,16.9567729253322,0.0062430681969618
355,16.9567729253322,0.0088111433520652
356,17.08276865421795,0.0101039889917896
357,17.08276865421795,0.008063464601976
358,17.147451747441668,0.0081647804574907
359,17.147451747441668,0.0101105693092154
360,17.147451747441668,0.007951712139613
361,17.2840443106834,0.0072832711706083
362,17.2840443106834,0.0060551390399543
363,17.2840443106834,0.0070741891838973
364,17.2840443106834,0.0075111521677264
365,17.2840443106834,0.006072498199827
366,17.343214851571222,0.0070184101401063
367,17.343214851571222,0.0061226975473029
368,17.343214851571222,0.008118076422279
369,17.343214851571222,0.0075512456742837
370,17.343214851571222,0.0120175302170348
371,17.4976697808597,0.0076575147708033
372,17.63651267858222,0.0071555516890973
373,17.63651267858222,0.0052344324430077
374,17.63651267858222,0.0062390743707472
375,17.63651267858222,0.0071442210420087
376,17.63651267858222,0.0068767325065816
377,17.736255445634,0.0085534219393273
378,17.736255445634,0.0071439303242845
379,17.736255445634,0.0076966984679343
380,17.736255445634,0.0070271566162923
381,17.830406958004478,0.0107943763459817
382,17.830406958004478,0.0048989280710068
383,17.830406958004478,0.0099812794509774
384,17.830406958004478,0.008966932688777
385,17.830406958004478,0.0096459866102805
386,17.959073628298935,0.0074335297434637
387,17.959073628298935,0.0054460509528
388,17.959073628298935,0.0081110594534303
389,18.059290311066448,0.0077680068301084
390,18.059290311066448,0.0063967191998708
391,18.1230124202557,0.0082706835831467
392,18.1230124202557,0.008719236801778
393,18.25386175274615,0.0064497306719459
394,18.25386175274615,0.0058785517661095
395,18.25386175274615,0.0086997706645481
396,18.25386175274615,0.0067114017122508
397,18.331994446343753,0.007320344765657
398,18.331994446343753,0.0066270057151073
399,18.331994446343753,0.009639793222244
400,18.331994446343753,0.0075235479003579
401,18.4019106894266,0.0074419867474423
402,18.566368754836752,0.0055638050731503
403,18.566368754836752,0.008960205835205
404,18.673988141235903,0.0086509309617123
405,18.673988141235903,0.0088447990589688
406,18.765804299619,0.0072256903638906
407,18.8238969934173,0.0061287443670675
408,18.8238969934173,0.0064660448775646
409,18.979738574125776,0.005590221801449
410,18.979738574125776,0.0109296550779184
411,18.979738574125776,0.0064198085923742
412,18.979738574125776,0.0074670799221458
413,19.035689073498347,0.0063307853997641
414,19.035689073498347,0.0063177602979112
415,19.035689073498347,0.0077448108736561
416,19.035689073498347,0.0074489380361936
417,19.149178387015148,0.0053209657271857
418,19.149178387015148,0.0066467401466088
419,19.23112391494215,0.0067439421476383
420,19.23112391494215,0.0067539333374716
421,19.23112391494215,0.0073487470134501
422,19.23112391494215,0.0076026790637564
423,19.332995110191398,0.00593588545218
424,19.332995110191398,0.0071814424268493
425,19.332995110191398,0.0065053793020494
426,19.332995110191398,0.0067488720354471
427,19.332995110191398,0.0064412405636191
428,19.44319924572483,0.0056460185933324
429,19.44319924572483,0.0059545945784385
430,19.44319924572483,0.0069058995730669
431,19.546354979975163,0.0080532527127801
432,19.546354979975163,0.0083381617636657
433,19.546354979975163,0.0075742434860327
434,19.649272895650938,0.0085805810183291
435,19.649272895650938,0.006327218255743
436,19.649272895650938,0.0052770333050566
437,19.649272895650938,0.0088567331784982
438,19.649272895650938,0.0069292260612607
439,19.732253124238934,0.0072496495931928
440,19.732253124238934,0.0063405701583884
441,19.732253124238934,0.0064944187582982
442,19.83568143390585,0.0059631394185356
443,19.83568143390585,0.005148635376354
444,19.975679747294667,0.0053818100376461
445,19.975679747294667,0.0063669442447188
446,19.975679747294667,0.0065307017992723
