,x,y
0,5.08855189953465,4.067075827373312
1,5.08855189953465,4.566673550450093
2,5.123260446125641,4.358956222361911
3,5.123260446125641,4.324487168851654
4,5.123260446125641,4.420253242586484
5,5.253846012987192,4.504990188493474
6,5.253846012987192,4.130534659166362
7,5.253846012987192,4.776067559516878
8,5.253846012987192,4.507462035233056
9,5.253846012987192,4.4748975864640235
10,5.332448147819375,4.429487613887502
11,5.332448147819375,4.223487876687733
12,5.332448147819375,4.2687949951542254
13,5.332448147819375,4.550810985504704
14,5.4001392016653,4.5528054280886945
15,5.547611011133995,4.482412762742511
16,5.547611011133995,4.414697026535267
17,5.547611011133995,4.803622990104182
18,5.547611011133995,3.877226939125873
19,5.656090918762077,4.783721259865616
20,5.656090918762077,4.0986750311531495
21,5.656090918762077,4.289343364820411
22,5.656090918762077,4.156387385663999
23,5.656090918762077,3.8598004459278754
24,5.656090918762077,4.412638079301268
25,5.656090918762077,4.482483211195489
26,5.734993067104369,4.216553720587465
27,5.734993067104369,4.561083029298716
28,5.734993067104369,3.698897082435248
29,5.734993067104369,4.575459588044166
30,5.734993067104369,4.69906871198306
31,5.80378429149278,3.8961660019565185
32,5.977879348793065,4.381833924929733
33,5.977879348793065,3.3909339423869596
34,6.063303860719315,4.631192336019321
35,6.063303860719315,4.2669441772783525
36,6.13801965053426,3.859190349456285
37,6.13801965053426,4.226653655905766
38,6.13801965053426,4.5558778363351475
39,6.13801965053426,4.162705147603925
40,6.21158498572186,4.476943452385998
41,6.21158498572186,4.54386054325763
42,6.347205724450763,4.801241599567488
43,6.347205724450763,4.454209705006005
44,6.347205724450763,4.413029603840631
45,6.347205724450763,4.487510256219398
46,6.44875377882272,3.9941666241759775
47,6.531086870236323,4.683650932300664
48,6.531086870236323,4.713710654807373
49,6.531086870236323,4.479224093343059
50,6.6506961914378095,4.08496712281342
51,6.6506961914378095,4.817191340348941
52,6.6506961914378095,4.645572962350319
53,6.6506961914378095,4.177599310757234
54,6.6506961914378095,4.392597117068766
55,6.6506961914378095,4.572099232272574
56,6.6506961914378095,4.107787242727328
57,6.887951749959029,4.493822214317165
58,6.887951749959029,4.641598093896928
59,6.947175236186013,4.579912464922728
60,6.947175236186013,4.397785971701216
61,6.947175236186013,4.445333963204075
62,6.947175236186013,4.320253368041908
63,6.947175236186013,4.396664902295604
64,7.01678854296915,4.353879609700887
65,7.162669225363059,4.268191989760808
66,7.162669225363059,4.366160597785901
67,7.162669225363059,4.238706640489308
68,7.162669225363059,4.562768468780664
69,7.240826929337345,4.00230917551709
70,7.240826929337345,4.589603567267226
71,7.240826929337345,4.4076663518970305
72,7.240826929337345,4.579380518419751
73,7.34229071415029,4.7871820923883215
74,7.433301552664489,4.302687890474379
75,7.433301552664489,4.747106724232526
76,7.433301552664489,4.0779208772584745
77,7.548082006396726,4.438209821440777
78,7.548082006396726,4.381758174582181
79,7.548082006396726,4.5870699196572735
80,7.548082006396726,4.474148450681901
81,7.548082006396726,4.425973160314083
82,7.6386135476641375,4.190331763234121
83,7.6386135476641375,4.724958560428382
84,7.6386135476641375,4.32710650370944
85,7.6386135476641375,4.627454509211537
86,7.6386135476641375,4.791090522427174
87,7.73675395641476,4.758704095181044
88,7.836631211452189,4.330717733126084
89,7.836631211452189,4.015307081489493
90,7.836631211452189,4.515803839541569
91,7.836631211452189,4.527287798011771
92,7.836631211452189,4.250997649980735
93,7.9372902389150095,4.327760071513363
94,7.9372902389150095,4.823985553616307
95,8.048604190815237,4.353960733721593
96,8.048604190815237,4.297542525821797
97,8.048604190815237,4.392820190289778
98,8.048604190815237,4.29152832331785
99,8.048604190815237,4.239113567033027
100,8.19123892462812,4.723352936244175
101,8.251685501309113,4.127300080716336
102,8.251685501309113,4.157266851116671
103,8.251685501309113,4.472655601954141
104,8.345604179776275,4.558585634047671
105,8.345604179776275,4.472585775217832
106,8.345604179776275,4.560404700853148
107,8.345604179776275,4.157231788667733
108,8.46528118534479,4.583482989609995
109,8.46528118534479,4.326352710557961
110,8.58560082619078,4.760475767649838
111,8.60996395582333,4.2057040217103925
112,8.70001137373038,4.591302368807339
113,8.88585371547379,4.361960158606427
114,8.948791051516311,4.671935344997144
115,8.948791051516311,4.807621895959044
116,8.948791051516311,4.8254737039658915
117,9.074129885993896,4.220016687173031
118,9.074129885993896,4.816004162954839
119,9.074129885993896,4.426608392519908
120,9.1899591893889,4.026240688187739
121,9.224944511661304,4.746286583283163
122,9.224944511661304,4.736598572933815
123,9.224944511661304,4.347083371633726
124,9.32313415163662,4.522216799774652
125,9.32313415163662,4.578754687089902
126,9.444942116038876,4.892767832038628
127,9.444942116038876,4.875793109452692
128,9.444942116038876,3.907195660668618
129,9.444942116038876,4.7825028923539055
130,9.444942116038876,4.254215540228488
131,9.57753873430192,3.5497157294474033
132,9.629103516344909,4.5221106785924325
133,9.629103516344909,4.712440872166347
134,9.74916801904328,4.787372866130507
135,9.74916801904328,4.8325147336687255
136,9.74916801904328,4.718021046790756
137,9.89029595977627,3.766398932451314
138,9.943255180551205,4.616417673200291
139,9.943255180551205,4.547170689027554
140,9.943255180551205,4.004276912341498
141,9.943255180551205,4.587730478006243
142,10.0347138254438,4.4932175984138265
143,10.1135186420288,4.646073521640957
144,10.33463704329918,4.7288540929255545
145,10.33463704329918,4.685486344518265
146,10.33463704329918,4.507669945444405
147,10.33463704329918,4.496642584035329
148,10.33463704329918,4.98589509236068
149,10.456140571041033,4.860194698645147
150,10.456140571041033,4.111614199041407
151,10.456140571041033,4.785447345565066
152,10.5664654332213,4.850769063334276
153,10.6174574885517,4.817032920391864
154,10.7181842718273,4.222690294202595
155,10.850735233564489,4.856466189449604
156,10.850735233564489,5.008654642409514
157,10.850735233564489,4.902543467516166
158,10.850735233564489,4.338958263999409
159,10.850735233564489,4.560425517619464
160,10.850735233564489,4.660640765824799
161,10.850735233564489,4.745190832926196
162,10.928553156554733,4.3696560134734375
163,10.928553156554733,4.860726128341071
164,10.928553156554733,4.505565910352118
165,11.059260342735799,4.224053479284888
166,11.059260342735799,4.216226689076172
167,11.059260342735799,4.518720626182828
168,11.1188090860378,4.755675196609408
169,11.261935599031851,4.777694096624439
170,11.261935599031851,4.774420877776442
171,11.261935599031851,4.839827147581626
172,11.261935599031851,4.509676835513674
173,11.356442828546252,4.457747150137495
174,11.356442828546252,4.807754535637
175,11.356442828546252,4.736196021326634
176,11.356442828546252,4.021027903876
177,11.468667888548202,5.012790700927324
178,11.468667888548202,4.498587902839775
179,11.468667888548202,4.790613416377179
180,11.5868516865885,4.168556988756156
181,11.5868516865885,4.538559359935697
182,11.6635378357023,4.913776008259593
183,11.6635378357023,4.782412272266351
184,11.6635378357023,4.169365115060234
185,11.782310632988802,4.972144441090908
186,11.782310632988802,4.739698104009965
187,11.782310632988802,4.672309810230269
188,11.840810849930042,4.6283373943218376
189,11.840810849930042,4.728358374300823
190,11.840810849930042,4.845160686417249
191,11.840810849930042,4.388304814508116
192,11.840810849930042,4.843822497440218
193,11.840810849930042,4.864605241997926
194,11.840810849930042,4.914245654721143
195,11.946053098654398,4.7186220347855015
196,11.946053098654398,4.449075056512217
197,11.946053098654398,4.813402749381308
198,12.022258294746266,4.908383994674552
199,12.022258294746266,4.441756973092217
200,12.022258294746266,4.591520496942628
201,12.1260502364021,4.357685307903112
202,12.252476485737127,4.754925997799022
203,12.252476485737127,4.498049624275691
204,12.252476485737127,4.5630185161942975
205,12.252476485737127,4.781533012616576
206,12.360837211599566,4.551164963200641
207,12.360837211599566,4.738295257765322
208,12.360837211599566,4.706992407474813
209,12.473842857580149,4.746370633239136
210,12.473842857580149,4.648597102020327
211,12.473842857580149,4.196567921059158
212,12.473842857580149,4.652014294471321
213,12.558352964697418,4.580872737925807
214,12.558352964697418,4.706194255397684
215,12.558352964697418,4.773478850282746
216,12.558352964697418,4.049468355074245
217,12.558352964697418,4.477075315212289
218,12.558352964697418,4.518186734505541
219,12.647106009535465,4.845083015272718
220,12.647106009535465,5.061953574796083
221,12.647106009535465,4.784760177383744
222,12.7627441327786,5.034070370508328
223,12.7627441327786,4.92821083577294
224,12.7627441327786,4.661300212965469
225,12.7627441327786,4.612674324978954
226,12.877948788809576,4.827766092780977
227,12.877948788809576,4.5802521037892685
228,12.877948788809576,4.527721549851127
229,12.877948788809576,4.846251751552566
230,12.946984692243866,5.008425710714469
231,12.946984692243866,4.79270189636544
232,12.946984692243866,4.599139812980412
233,13.048663371300774,4.606061072573065
234,13.048663371300774,5.169355579453941
235,13.048663371300774,4.736807835048616
236,13.048663371300774,4.868737602505263
237,13.168487236835068,4.51497538171711
238,13.168487236835068,4.92358531121579
239,13.168487236835068,4.694905231670769
240,13.253228339599467,4.571694104778936
241,13.253228339599467,4.7619493113691185
242,13.253228339599467,4.893682270229722
243,13.3610084594693,4.337693585666795
244,13.3610084594693,4.897576719328825
245,13.439799784682698,4.809214010164381
246,13.439799784682698,4.931816910334865
247,13.439799784682698,4.912123310459215
248,13.439799784682698,4.6803377966748965
249,13.549023435043626,4.878834838083446
250,13.549023435043626,4.752782474404125
251,13.549023435043626,4.689688320952067
252,13.549023435043626,5.05278200353617
253,13.626209433714376,4.976861682690691
254,13.626209433714376,4.754842237509903
255,13.626209433714376,4.719133095903315
256,13.626209433714376,4.911494194788621
257,13.740768207935632,4.690752255623115
258,13.740768207935632,4.520267431993286
259,13.740768207935632,4.854934685056425
260,13.964471819810537,4.50425827391985
261,13.964471819810537,4.882743154717381
262,13.964471819810537,4.699672147671597
263,13.964471819810537,4.825090836536212
264,13.964471819810537,4.8348551378965565
265,14.0497140365187,4.677950151958033
266,14.0497140365187,4.936638651710199
267,14.0497140365187,4.65560331641365
268,14.0497140365187,4.701316226377832
269,14.133482991601351,4.995850762992209
270,14.133482991601351,4.65763486135028
271,14.262892038095734,4.617724396961727
272,14.262892038095734,4.853670186391175
273,14.262892038095734,4.395525048370041
274,14.3796865211334,4.816478766088954
275,14.456760286120701,4.398155366581675
276,14.456760286120701,4.910720936417064
277,14.456760286120701,4.831374725196514
278,14.456760286120701,4.751762233674644
279,14.456760286120701,4.875323605839649
280,14.456760286120701,4.798342085408726
281,14.456760286120701,5.021631895274848
282,14.456760286120701,4.812697141302756
283,14.456760286120701,5.067459757141607
284,14.574935128912335,4.776992006054867
285,14.574935128912335,4.55756211645564
286,14.574935128912335,4.621264824791311
287,14.6208685694728,4.7940370572419955
288,14.749385093704673,4.697537424768018
289,14.749385093704673,4.76800115300824
290,14.749385093704673,4.873537598880808
291,14.749385093704673,4.540771075747718
292,14.749385093704673,4.599292094292299
293,14.749385093704673,4.84152039293366
294,14.749385093704673,5.034530672943156
295,14.845034643658451,4.344241519601149
296,14.845034643658451,4.761796271375543
297,14.9110457597999,4.869491459513806
298,14.9110457597999,4.816883387669352
299,15.0480550306384,4.7340781340232745
300,15.135010678786799,4.402159967751531
301,15.135010678786799,4.942758959920459
302,15.237663043662899,4.973128896006416
303,15.237663043662899,4.783678568255084
304,15.32904323097316,4.832084375530428
305,15.32904323097316,4.7090238627774825
306,15.32904323097316,4.835617183272432
307,15.32904323097316,5.176306485035789
308,15.32904323097316,4.6898898688065564
309,15.467233074596166,4.601584005875508
310,15.467233074596166,4.888474448355826
311,15.467233074596166,4.901825706718222
312,15.516699841246,4.6534735770448865
313,15.7572949677706,4.935492304763294
314,15.871020058236484,4.83943347512672
315,15.871020058236484,4.808756198019377
316,15.871020058236484,4.803973915642637
317,15.871020058236484,4.801071311427357
318,15.871020058236484,4.6020349435266255
319,15.871020058236484,4.927486013897399
320,15.871020058236484,4.647582255393246
321,15.9714528347831,5.0697421556078455
322,16.04564205161297,4.892445328137852
323,16.04564205161297,4.9192619073063915
324,16.04564205161297,5.071659654392268
325,16.1394563813228,4.81832441034183
326,16.1394563813228,4.750194354996547
327,16.1394563813228,4.932429344169402
328,16.1394563813228,4.957755817437783
329,16.1394563813228,4.762910680378055
330,16.2909503222909,4.8025014103334325
331,16.465525495004847,5.121623355248026
332,16.465525495004847,4.940306224009766
333,16.56418640033476,4.798676136224023
334,16.56418640033476,4.930233000900366
335,16.56418640033476,4.883015203022916
336,16.56418640033476,4.8498196645197025
337,16.56418640033476,4.8530541916088445
338,16.56418640033476,4.969155592323977
339,16.56418640033476,4.737770013709647
340,16.6742834355682,5.010768932129995
341,16.6742834355682,4.821099582072623
342,16.6742834355682,5.065609131127405
343,16.756417751894336,4.921066844599676
344,16.756417751894336,4.764809450767582
345,16.756417751894336,5.005537998097789
346,16.756417751894336,4.623742053959737
347,16.756417751894336,5.256151378249896
348,16.756417751894336,4.8370539957891605
349,16.844631801068324,4.630019985735457
350,16.844631801068324,4.939441051575101
351,16.844631801068324,4.324436511254686
352,16.844631801068324,4.817449502736972
353,16.9567729253322,4.861120561675467
354,16.9567729253322,5.076283519213708
355,16.9567729253322,4.731738068559573
356,17.08276865421795,4.594824983424881
357,17.08276865421795,4.820411963461444
358,17.147451747441668,4.8079254411648416
359,17.147451747441668,4.594173936040096
360,17.147451747441668,4.834368010029947
361,17.2840443106834,4.922175181072992
362,17.2840443106834,5.106847939407643
363,17.2840443106834,4.951302445002973
364,17.2840443106834,4.891366407166958
365,17.2840443106834,5.103985193534759
366,17.343214851571222,4.95921856236226
367,17.343214851571222,5.095752503867889
368,17.343214851571222,4.813662046680326
369,17.343214851571222,4.886042739359201
370,17.343214851571222,4.421388843779948
371,17.4976697808597,4.872067790326354
372,17.63651267858222,4.9398667635517395
373,17.63651267858222,5.252496856390413
374,17.63651267858222,5.076923445625256
375,17.63651267858222,4.941451494955931
376,17.63651267858222,4.979611666219086
377,17.736255445634,4.761423849280953
378,17.736255445634,4.941492188495184
379,17.736255445634,4.866963812468953
380,17.736255445634,4.957973119231588
381,17.830406958004478,4.528729989173219
382,17.830406958004478,5.318738858816259
383,17.830406958004478,4.607043995375133
384,17.830406958004478,4.714211613589191
385,17.830406958004478,4.641213345447403
386,17.959073628298935,4.901754466645759
387,17.959073628298935,5.21286452876993
388,17.959073628298935,4.814526783945414
389,18.059290311066448,4.8577416687313475
390,18.059290311066448,5.0519700450738245
391,18.1230124202557,4.7950381151827655
392,18.1230124202557,4.742223567623467
393,18.25386175274615,5.043716905333731
394,18.25386175274615,5.136444845688701
395,18.25386175274615,4.7444586140658105
396,18.25386175274615,5.003947450820745
397,18.331994446343753,4.917097852984576
398,18.331994446343753,5.01660220347906
399,18.331994446343753,4.641855620564425
400,18.331994446343753,4.88971745702042
401,18.4019106894266,4.900617429838343
402,18.566368754836752,5.1914730391165325
403,18.566368754836752,4.714962079580037
404,18.673988141235903,4.7500883381980925
405,18.673988141235903,4.727925669664761
406,18.765804299619,4.930112497452867
407,18.8238969934173,5.094765384098988
408,18.8238969934173,5.041190659157884
409,18.979738574125776,5.186736314346655
410,18.979738574125776,4.5162755346641505
411,18.979738574125776,5.048366975996653
412,18.979738574125776,4.89725126360487
413,19.035689073498347,5.0623309747307
414,19.035689073498347,5.06439051687385
415,19.035689073498347,4.860732224564963
416,19.035689073498347,4.89968380222861
417,19.149178387015148,5.2361004644362525
418,19.149178387015148,5.013628748020872
419,19.23112391494215,4.999110636664825
420,19.23112391494215,4.997630227148667
421,19.23112391494215,4.913225454650328
422,19.23112391494215,4.879254585417336
423,19.332995110191398,5.126739070442738
424,19.332995110191398,4.9362550209943645
425,19.332995110191398,5.035125859409458
426,19.332995110191398,4.998379893921127
427,19.332995110191398,5.045034123315096
428,19.44319924572483,5.1768046559695104
429,19.44319924572483,5.123592159359232
430,19.44319924572483,4.975379222102855
431,19.546354979975163,4.821679205464027
432,19.546354979975163,4.786912498936275
433,19.546354979975163,4.883001802404695
434,19.649272895650938,4.758253650021035
435,19.649272895650938,5.0628945934833265
436,19.649272895650938,5.244391213216651
437,19.649272895650938,4.726577298102636
438,19.649272895650938,4.972007151488702
439,19.732253124238934,4.926802143256988
440,19.732253124238934,5.06078658423132
441,19.732253124238934,5.0368121235033305
442,19.83568143390585,5.122158188511505
443,19.83568143390585,5.269023574883936
444,19.975679747294667,5.224730523166911
445,19.975679747294667,5.056635634901124
446,19.975679747294667,5.031240868379443
